30352310
30351502
30350268
30349922
30349477
30349393
30349377
30349348
30349296
30348163
30348123
30347971
30347840
30347396
30346835
30346284
30345046
30344868
30344713
30344710
30344618
30344568
30344426
30344023
30343536
30343456
30343454
30341560
30340621
30340058
30339576
30339151
30338792
30338462
30338354
30338173
30337342
30335885
30335242
30334925
30334464
30334368
30333256
30333222
30333016
30332982
30332455
30332352
30329152
30329056
30328524
30328316
30328211
30328050
30327858
30327857
30327786
30327564
30327215
30325492
30324636
30324585
30324429
30323785
30323663
30323195
30322717
30322505
30322288
30322228
30321080
30321007
30320989
30320920
30320365
30320304
30319967
30319964
30319328
30319215
30318761
30318672
30318614
30318592
30318471
30317728
30317727
30317726
30317432
30316882
30316563
30316463
30315187
30314577
30314434
30313034
30312434
30312118
30311638
30311421
30310801
30310523
30310519
30309689
30309222
30307804
30306595
30306590
30306429
30306390
30304305
30304013
30303656
30303154
30303126
30302857
30302652
30301677
30300991
30299652
30300431
30300053
30299404
30298090
30297384
30296717
30296337
30296195
30295097
30295091
30293705
30293398
30293396
30293391
30293212
30292910
30291812
30291561
30290998
30290775
30290661
30290658
30290620
30290611
30290608
30290586
30290049
30289537
30289427
30289174
30288516
30288498
30288497
30288124
30288118
30288004
30288001
30287995
30287823
30286843
30286723
30285756
30285327
30283856
30282876
30282445
30281998
30281704
30281370
30281209
30280970
30280271
30279988
30279510
30278966
30278830
30278576
30278574
30278541
30277689
30277293
30276443
30275864
30275863
30275862
30275861
30275860
30275859
30275858
30275857
30275856
30275855
30275854
30275853
30275852
30275851
30275645
30275562
30275241
30275235
