30407882
30407325
30407303
30407215
30406869
30406831
30406761
30406473
30406364
30406343
30405983
30405848
30405760
30405052
30404788
30404614
30403909
30403799
30403717
30403658
30403424
30402442
30402234
30402219
30400595
30400234
30400123
30397405
30397402
30397401
30397400
30397895
30396947
30396943
30396940
30396643
30395419
30394526
30394284
30394112
30392292
30390716
30390383
30390344
30389659
30389437
30388713
30388485
30388235
30387871
30387470
30387402
30387023
30387014
30387004
30386993
30386620
30386142
30385886
30385358
30385276
30384959
30384806
30384581
30384580
30383904
30383889
30383644
30383154
30383137
30383131
30382840
30382484
30382394
30382332
30382159
30382058
30381917
30380950
30380589
30380176
30379833
30377679
30377674
30377575
30377210
30377106
30376997
30376844
30376664
30376632
30376276
30375702
30375122
30374776
30374733
30374009
30373708
30371238
30370946
30370820
30370813
30370656
30370267
30369858
30369661
30369653
30369626
30369488
30369380
30368906
30368744
30368743
30368627
30368484
30368240
30367684
30367451
30367358
30367331
30367322
30366939
30366654
30366176
30365854
30365398
30364524
30364388
30363769
30363150
30362666
30362328
30362322
30362313
30362065
30361894
30361868
30361831
30361775
30361716
30361693
30361548
30361002
30360958
30360728
30360692
30360602
30360018
30359894
30359780
30359480
30359462
30359235
30358972
30358971
30358970
30358969
30358968
30358961
30358609
30358191
30358141
30357816
30357709
30357537
30356422
30356372
30356116
30354962
30354960
30354850
30354459
30354228
30353679
30353287
30353228
30353047
30353046
30352817
30352751
30352519
30352310
30351502
30350268
30349922
30349477
30349393
30349377
30349348
30349296
30348261
30348163
30348123
30347971
30347840
30347396
30346835
30346284
30345046
30344868
30344713
30344710
30344618
30344568
30344426
30344023
30343536
30343456
30343454
30341560
30340621
30340058
30339576
30339151
30338792
30338462
30338354
30338173
30337342
30335885
30335242
30335021
30334995
30334925
30334464
30334368
30333256
30333222
30333016
30332982
30332455
30332352
30329152
30329056
30328524
30328515
30328316
30328211
30328050
30327858
30327857
30327786
30327564
30327215
30326469
30325492
30324636
30324585
30324429
30323785
30323663
30323195
30322717
30322505
30322288
30322228
30321080
30321007
30320989
30320920
30320365
30320304
30319967
30319964
30319328
30319215
30318761
30318672
30318614
30318592
30318471
30317728
30317727
30317726
30317432
30316882
30316563
30316463
30315187
30314577
30314434
30313063
30313034
30312434
30312118
30311638
30311421
30310801
30310523
30310519
30309689
30309377
30309222
30308496
30308479
30307804
30306595
30306590
30306429
30306390
30304311
30304305
30304013
30303656
30303154
30303126
30302857
30302652
30301677
30300991
30299652
30300431
30300053
30299404
30298090
30297384
30296717
30296337
30296195
30295097
30295091
30293705
30293398
30293396
30293391
30293241
30293235
30293212
30292910
30291812
30291561
30290998
30290775
30290661
30290658
30290620
30290611
30290608
30290586
30290049
30289537
30289427
30289283
30289174
30288516
30288498
30288497
30288124
30288118
30288004
30288001
30287995
30287823
30286843
30286723
30285756
30285327
30283856
30282876
30282445
30281998
30281704
30281370
30281209
30280970
30280271
30279988
30279510
30278966
30278830
30278576
30278574
30278541
30277689
30278461
30278449
30277293
30276443
30275864
30275863
30275862
30275861
30275860
30275859
30275858
30275857
30275856
30275855
30275854
30275853
30275852
30275851
30275645
30275562
30275241
30275235
30275220
30275208
30275207
30275194
30275183
30275177
30274766
30272598
30272359
30272349
30271702
30270520
30270029
30268633
30268525
30267167
30267154
30266988
30265967
30265635
30265041
30264853
30263989
30262052
30261931
30261243
30260254
30260191
30259975
30259416
30259364
30259342
30259332
30259135
30258918
30258514
30257941
30257892
30257891
30257888
30257646
30257595
30257411
30257133
30256777
30256567
30256233
30256046
30255696
30255693
30255244
30255001
30254998
30254988
30254685
30254159
30254100
30253442
30252883
30251732
30251390
30251277
30250578
30249884
30249876
30249875
30249872
30249217
30249158
30248155
30247972
30247970
30247968
30247967
30247961
30247957
30247950
30247208
30246500
30246241
30245767
30244975
30244816
30243716
30243155
30243153
30242581
30242579
30242577
30242135
30241571
30241269
30241262
30241228
30241207
30241185
30241184
30241147
30241141
30241140
30241137
30240955
30240508
30239562
30239521
30238972
30238533
30236776
30236487
30235921
30235735
30235730
30235721
30235698
30235654
30234730
30234689
30233821
30233754
30233752
30233264
30233240
30233214
30232767
30232524
30231922
30231409
30231343
30231328
30230942
30229826
30229557
30229499
30229477
30229271
30229259
30228989
30227836
30227689
30226604
30226549
30226114
30225621
30225620
30225619
30225570
30224754
30224477
30223800
30223117
30222727
30222327
30222029
30221311
30220947
30220705
30220584
30220167
30220107
30219806
30219672
30218909
30217292
30217259
30216684
30216665
30216591
30214595
30214581
30214288
30214233
30214216
30214193
30213279
30213196
30212985
30212980
30212943
30212931
30212598
30212392
30212266
30211190
30210909
30210716
30210240
30210227
30210223
30209119
30208185
30207789
30207328
30207281
30207098
30207076
30206184
30205914
30205821
30205402
30203490
30203335
30203254
30202756
30202672
30202040
30201586
30200900
30200262
30200157
30200142
30200073
30199396
30198973
30197799
30197514
30197370
30197364
30197363
30197361
30197358
30197350
30197347
30197344
30197339
30197338
30197331
30197027
30196916
30196727
30196688
30196538
30196530
30196424
30196358
30196303
30196260
30196031
30195967
30195948
30195804
30195413
30195330
30195239
30194933
30194749
30194234
30194206
30194205
30194203
30194201
30194189
30194175
30194148
30194145
30193687
30193216
30191956
30191866
30191351
30191237
30190427
30190194
30189847
30189722
30189404
30189225
30189117
30188759
30188400
30187868
30187678
30187675
30187035
30186730
30186583
30186486
30186308
30186139
30185296
30184654
30184527
30184043
30183988
30183926
30183694
30183693
30183692
30183462
30182630
30182367
30182121
30182018
30181939
30181418
30181360
30181190
30180968
30180725
30180594
30179792
30179186
30178244
30178243
30178060
30177584
30176933
30176834
30176833
30176814
30176813
30175774
30175631
30175072
30175066
30175056
30174762
30174721
30174488
30174241
30173945
30173529
30173272
30173230
30172698
30172320
30172235
30170816
30170496
30170432
30170390
30170382
30170197
30169506
30168650
30168562
30168014
30167906
30167861
30167089
30167086
30167082
30167038
30166969
30166965
30166274
30165893
30165321
30160152
30160115
30160021
30160019
30159788
30159785
30159172
